20 40
91
0 3
0 7
0 12
1 7
1 12
2 0
2 1
2 2
2 3
2 4
2 5
2 7
2 8
2 9
2 10
2 12
3 8
3 12
4 12
5 7
5 8
5 12
6 2
6 3
6 4
6 5
6 6
6 7
6 12
7 2
7 5
7 7
7 12
7 36
8 5
9 5
9 7
9 36
10 2
10 5
10 7
10 8
10 19
10 20
10 21
10 28
11 2
11 3
11 4
11 5
11 8
11 19
11 20
11 21
11 31
12 3
12 8
12 12
12 19
12 20
12 21
13 3
13 8
13 9
13 11
13 12
13 31
14 3
14 8
14 12
15 3
15 4
15 5
15 6
15 7
15 8
15 12
15 24
15 25
16 3
16 12
16 24
16 25
17 7
17 12
18 3
18 7
18 12
19 3
19 7
19 12
48
1 34
2 33
3 32
4 33
5 33
5 34
6 33
6 34
7 33
7 34
7 35
8 32
8 33
8 34
8 35
9 32
9 33
9 34
10 32
10 33
10 35
10 36
11 32
11 34
11 35
12 33
12 34
13 32
13 33
13 34
14 32
14 33
14 34
15 31
15 32
15 33
16 31
16 32
16 33
17 30
17 31
17 32
18 29
18 30
18 31
19 28
19 29
19 30
79
0 24
0 25
0 26
0 27
0 28
0 29
0 30
0 31
0 32
0 33
0 34
0 35
0 36
0 37
0 38
0 39
1 25
1 26
1 27
1 28
1 29
1 30
1 31
1 32
1 33
1 35
1 36
1 37
1 38
1 39
2 26
2 27
2 28
2 29
2 30
2 31
2 32
2 34
2 35
2 36
2 37
2 38
2 39
3 26
3 27
3 28
3 29
3 30
3 31
3 33
3 34
3 35
3 36
4 26
4 27
4 28
4 29
4 30
4 31
4 32
4 34
4 35
5 27
5 28
5 29
5 30
5 31
5 32
6 27
6 28
6 29
6 30
6 31
6 32
7 29
7 30
7 31
7 32